1
2
3
4
5
6
7
8
9
0
12
123
1234
12345
123456
1234567
12345678
123456789
1234567890
01
012
0123
01234
012345
0123456
01234567
012345678
0123456789
01234567890
0987654321
098765432
09876543
0987654
098765
09876
0987
098
09
987654321
98765432
9876543
987654
98765
9876
987
98
9876543210
876543210
76543210
6543210
543210
43210
3210
210
10
987654321
87654321
7654321
654321
54321
4321
321
21
30
32
45
60
64
90
180
360
2001
2002
2003
2004
2005
2006
2007
2008
2009
2010
2011
2012
2013
2014
2015
2016
2017
2018
2019
2020
2021
00
000
0000
00000
000000
0000000
00000000